RAW 2 90.23 101486
RAW 2 90.49 101536
RAW 1 358.93 84146
101536 2.49 358.93 3.56
RAW 1 358.98 84196
101536 2.49 358.98 3.50
RAW 1 358.99 84246
101536 2.49 358.99 3.50
RAW 1 358.99 84296
101536 2.49 358.99 3.50
RAW 1 359.00 84346
101536 2.49 359.00 3.49
RAW 2 90.59 101586
101586 2.59 359.00 3.59
RAW 1 358.92 84396
101586 2.59 358.92 3.67
RAW 1 358.91 84446
101586 2.59 358.91 3.68
RAW 1 358.80 84496
101586 2.59 358.80 3.79
RAW 1 358.63 84546
101586 2.59 358.63 3.96
RAW 2 90.57 101636
101636 2.57 358.63 3.94
RAW 1 358.62 84596
101636 2.57 358.62 3.95
RAW 2 90.59 101686
101686 2.59 358.62 3.97
RAW 1 358.56 84646
101686 2.59 358.56 4.03
RAW 2 90.62 101736
101736 2.62 358.56 4.06
RAW 1 358.61 84696
101736 2.62 358.61 4.01
RAW 2 90.53 101786
101786 2.53 358.61 3.92
RAW 1 358.61 84746
101786 2.53 358.61 3.92
RAW 2 90.49 101836
101836 2.49 358.61 3.88
RAW 1 358.68 84796
101836 2.49 358.68 3.81
RAW 2 90.49 101886
101886 2.49 358.68 3.81
RAW 1 358.69 84846
101886 2.49 358.69 3.80
RAW 2 90.53 101936
101936 2.53 358.69 3.84
RAW 1 358.61 84896
101936 2.53 358.61 3.92
RAW 2 90.60 101986
101986 2.60 358.61 3.99
RAW 1 358.68 84946
101986 2.60 358.68 3.92
RAW 2 90.53 102036
102036 2.53 358.68 3.85
RAW 1 358.87 84996
102036 2.53 358.87 3.66
RAW 2 90.51 102086
102086 2.51 358.87 3.64
RAW 1 358.94 85046
102086 2.51 358.94 3.57
RAW 2 90.53 102136
102136 2.53 358.94 3.60
RAW 1 358.91 85096
102136 2.53 358.91 3.62
RAW 2 90.52 102186
102186 2.52 358.91 3.60
RAW 1 359.00 85146
102186 2.52 359.00 3.52
RAW 2 90.53 102236
102236 2.53 359.00 3.53
RAW 1 359.06 85196
102236 2.53 359.06 3.47
RAW 2 90.42 102286
102286 2.42 359.06 3.36
RAW 1 359.24 85246
102286 2.42 359.24 3.18
RAW 2 90.37 102336
102336 2.37 359.24 3.13
RAW 1 359.26 85296
102336 2.37 359.26 3.11
RAW 2 90.37 102386
102386 2.37 359.26 3.11
RAW 1 359.29 85346
102386 2.37 359.29 3.08
RAW 2 90.42 102436
102436 2.42 359.29 3.13
RAW 1 359.27 85396
102436 2.42 359.27 3.15
RAW 2 90.47 102486
102486 2.47 359.27 3.20
RAW 1 359.36 85446
102486 2.47 359.36 3.12
RAW 2 90.44 102536
102536 2.44 359.36 3.08
RAW 1 359.38 85496
102536 2.44 359.38 3.06
RAW 2 90.45 102586
102586 2.45 359.38 3.07
RAW 1 359.37 85546
102586 2.45 359.37 3.08
RAW 2 90.48 102636
102636 2.48 359.37 3.11
RAW 1 359.41 85596
102636 2.48 359.41 3.07
RAW 2 90.50 102686
102686 2.50 359.41 3.09
RAW 1 359.41 85646
102686 2.50 359.41 3.09
RAW 2 90.41 102736
102736 2.41 359.41 3.00
RAW 1 359.32 85696
102736 2.41 359.32 3.09
RAW 2 90.38 102786
102786 2.38 359.32 3.06
RAW 1 359.34 85746
102786 2.38 359.34 3.04
RAW 2 90.29 102836
102836 2.29 359.34 2.95
RAW 1 359.27 85796
102836 2.29 359.27 3.01
RAW 2 90.24 102886
102886 2.24 359.27 2.97
RAW 1 359.27 85846
102886 2.24 359.27 2.97
RAW 2 90.24 102936
102936 2.24 359.27 2.97
RAW 1 359.33 85896
102936 2.24 359.33 2.91
RAW 2 90.20 102986
102986 2.20 359.33 2.87
RAW 1 359.36 85946
102986 2.20 359.36 2.84
RAW 2 90.19 103036
103036 2.19 359.36 2.83
RAW 1 359.27 85996
103036 2.19 359.27 2.93
RAW 2 90.24 103086
103086 2.24 359.27 2.97
RAW 1 359.25 86046
103086 2.24 359.25 2.98
RAW 2 90.33 103136
103136 2.33 359.25 3.07
RAW 1 359.23 86096
103136 2.33 359.23 3.10
RAW 2 90.38 103186
103186 2.38 359.23 3.15
RAW 1 359.16 86146
103186 2.38 359.16 3.22
RAW 2 90.41 103236
103236 2.41 359.16 3.25
RAW 1 359.03 86196
103236 2.41 359.03 3.38
RAW 2 90.38 103286
103286 2.38 359.03 3.35
RAW 1 358.86 86246
103286 2.38 358.86 3.52
RAW 2 90.32 103336
103336 2.32 358.86 3.46
RAW 1 358.82 86296
103336 2.32 358.82 3.50
RAW 2 90.32 103386
103386 2.32 358.82 3.50
RAW 1 358.69 86346
103386 2.32 358.69 3.63
RAW 2 90.24 103436
103436 2.24 358.69 3.55
RAW 1 358.48 86396
103436 2.24 358.48 3.77
RAW 2 90.20 103486
103486 2.20 358.48 3.73
RAW 1 358.27 86446
103486 2.20 358.27 3.93
RAW 2 90.21 103536
103536 2.21 358.27 3.94
RAW 1 358.12 86496
103536 2.21 358.12 4.09
RAW 2 90.24 103586
103586 2.24 358.12 4.12
RAW 1 358.01 86546
103586 2.24 358.01 4.23
RAW 2 90.15 103636
103636 2.15 358.01 4.14
RAW 1 357.93 86596
103636 2.15 357.93 4.22
RAW 2 90.08 103686
103686 2.08 357.93 4.15
RAW 1 357.86 86646
103686 2.08 357.86 4.21
RAW 2 90.00 103736
103736 2.00 357.86 4.14
RAW 1 357.79 86696
103736 2.00 357.79 4.21
RAW 2 89.78 103786
103786 1.78 357.79 3.99
RAW 1 357.59 86746
103786 1.78 357.59 4.20
RAW 2 89.47 103836
103836 1.47 357.59 3.88
RAW 1 357.40 86796
103836 1.47 357.40 4.06
RAW 2 89.26 103886
103886 1.26 357.40 3.85
RAW 1 357.35 86846
103886 1.26 357.35 3.91
RAW 2 89.00 103936
103936 1.00 357.35 3.65
RAW 1 357.29 86896
103936 1.00 357.29 3.71
RAW 2 88.49 103986
103986 0.49 357.29 3.21
RAW 1 357.09 86946
103986 0.49 357.09 3.40
RAW 2 87.79 104036
104036 359.79 357.09 2.70
RAW 1 356.82 86996
104036 359.79 356.82 2.98
RAW 2 86.76 104086
104086 358.76 356.82 1.94
RAW 1 356.60 87046
104086 358.76 356.60 2.15
RAW 2 85.52 104136
104136 357.52 356.60 0.92
RAW 1 356.56 87096
104136 357.52 356.56 0.96
RAW 2 84.34 104186
104186 356.34 356.56 -0.22
RAW 1 356.61 87146
104186 356.34 356.61 -0.27
RAW 2 83.23 104236
104236 355.23 356.61 -1.39
RAW 1 356.77 87196
104236 355.23 356.77 -1.54
RAW 2 82.08 104286
104286 354.08 356.77 -2.69
RAW 1 356.81 87246
104286 354.08 356.81 -2.73
RAW 2 80.98 104336
104336 352.98 356.81 -3.83
RAW 1 356.82 87296
104336 352.98 356.82 -3.84
RAW 2 79.80 104386
104386 351.80 356.82 -5.02
RAW 1 356.74 87346
104386 351.80 356.74 -4.93
RAW 2 78.49 104436
104436 350.49 356.74 -6.24
RAW 1 356.61 87396
104436 350.49 356.61 -6.11
RAW 2 77.01 104486
104486 349.01 356.61 -7.59
RAW 1 356.57 87446
104486 349.01 356.57 -7.56
RAW 2 75.29 104536
104536 347.29 356.57 -9.28
RAW 1 356.68 87496
104536 347.29 356.68 -9.39
RAW 2 73.49 104586
104586 345.49 356.68 -11.19
RAW 1 356.89 87546
104586 345.49 356.89 -11.40
RAW 2 71.53 104636
104636 343.53 356.89 -13.36
RAW 1 357.23 87596
104636 343.53 357.23 -13.70
RAW 2 69.74 104686
104686 341.74 357.23 -15.49
RAW 1 357.58 87646
104686 341.74 357.58 -15.84
RAW 2 68.08 104736
104736 340.08 357.58 -17.51
RAW 1 357.88 87696
104736 340.08 357.88 -17.80
RAW 2 66.48 104786
104786 338.48 357.88 -19.40
RAW 1 358.12 87746
104786 338.48 358.12 -19.64
RAW 2 64.75 104836
104836 336.75 358.12 -21.37
RAW 1 358.31 87796
104836 336.75 358.31 -21.56
RAW 2 62.63 104886
104886 334.63 358.31 -23.68
RAW 1 358.44 87846
104886 334.63 358.44 -23.81
RAW 2 60.21 104936
104936 332.21 358.44 -26.23
RAW 2 57.42 104986
104986 329.42 358.44 -29.02
RAW 1 358.73 87896
104986 329.42 358.73 -29.32
RAW 1 358.97 87946
104986 329.42 358.97 -29.55
RAW 2 54.23 105036
105036 326.23 358.97 -32.74
RAW 1 287.25 87996
105036 326.23 287.25 38.97
RAW 2 50.86 105086
105086 322.86 287.25 35.60
RAW 1 229.97 88046
105086 322.86 229.97 92.89
RAW 2 47.30 105136
105136 319.30 229.97 89.33
RAW 1 184.30 88096
105136 319.30 184.30 134.99
RAW 2 43.51 105186
105186 315.51 184.30 131.21
RAW 1 147.69 88146
105186 315.51 147.69 167.83
RAW 2 39.46 105236
105236 311.46 147.69 163.77
RAW 1 118.61 88196
105236 311.46 118.61 -167.15
RAW 2 35.19 105286
105286 307.19 118.61 -171.41
RAW 1 95.45 88246
105286 307.19 95.45 -148.25
RAW 2 30.76 105336
105336 302.76 95.45 -152.69
RAW 1 77.16 88296
105336 302.76 77.16 -134.40
RAW 2 26.32 105386
105386 298.32 77.16 -138.84
RAW 1 62.48 88346
105386 298.32 62.48 -124.15
RAW 2 21.80 105436
105436 293.80 62.48 -128.67
RAW 1 50.75 88396
105436 293.80 50.75 -116.94
RAW 2 89.06 105486
105486 1.06 50.75 -49.69
RAW 1 41.70 88446
105486 1.06 41.70 -40.64
RAW 2 141.53 105536
105536 53.53 41.70 11.84
RAW 1 34.76 88496
105536 53.53 34.76 18.77
RAW 2 182.27 105586
105586 94.27 34.76 59.50
RAW 1 29.18 88546
105586 94.27 29.18 65.09
RAW 2 213.91 105636
105636 125.91 29.18 96.73
RAW 1 24.90 88596
105636 125.91 24.90 101.01
RAW 2 238.57 105686
105686 150.57 24.90 125.67
RAW 1 21.89 88646
105686 150.57 21.89 128.67
RAW 2 257.78 105736
105736 169.78 21.89 147.88
RAW 1 19.73 88696
105736 169.78 19.73 150.04
RAW 2 272.67 105786
105786 184.67 19.73 164.93
RAW 1 18.31 88746
105786 184.67 18.31 166.36
RAW 2 284.40 105836
105836 196.40 18.31 178.09
RAW 1 17.33 88796
105836 196.40 17.33 179.07
RAW 2 293.59 105886
105886 205.59 17.33 -171.73
RAW 1 16.66 88846
105886 205.59 16.66 -171.07
RAW 2 300.84 105936
105936 212.84 16.66 -163.82
RAW 1 16.20 88896
105936 212.84 16.20 -163.37
RAW 2 306.59 105986
105986 218.59 16.20 -157.61
RAW 1 15.83 88946
105986 218.59 15.83 -157.24
RAW 2 311.14 106036
106036 223.14 15.83 -152.69
RAW 1 15.56 88996
106036 223.14 15.56 -152.42
RAW 2 314.84 106086
106086 226.84 15.56 -148.72
RAW 1 15.29 89046
106086 226.84 15.29 -148.45
RAW 2 317.84 106136
106136 229.84 15.29 -145.45
RAW 1 15.19 89096
106136 229.84 15.19 -145.35
RAW 2 320.15 106186
106186 232.15 15.19 -143.04
RAW 1 15.05 89146
106186 232.15 15.05 -142.91
RAW 2 321.98 106236
106236 233.98 15.05 -141.08
RAW 1 15.17 89196
106236 233.98 15.17 -141.19
RAW 2 323.51 106286
106286 235.51 15.17 -139.66
RAW 1 15.24 89246
106286 235.51 15.24 -139.74
RAW 2 324.74 106336
106336 236.74 15.24 -138.50
RAW 1 15.41 89296
106336 236.74 15.41 -138.66
RAW 2 325.83 106386
106386 237.83 15.41 -137.58
RAW 1 15.43 89346
106386 237.83 15.43 -137.60
RAW 2 326.66 106436
106436 238.66 15.43 -136.77
RAW 1 15.57 89396
106436 238.66 15.57 -136.91
RAW 2 327.54 106486
106486 239.54 15.57 -136.03
RAW 1 15.41 89446
106486 239.54 15.41 -135.87
RAW 2 328.41 106536
106536 240.41 15.41 -135.00
RAW 1 15.32 89496
106536 240.41 15.32 -134.91
RAW 2 329.21 106586
106586 241.21 15.32 -134.12
RAW 1 15.37 89546
106586 241.21 15.37 -134.16
RAW 2 329.87 106636
106636 241.87 15.37 -133.50
RAW 1 15.32 89596
106636 241.87 15.32 -133.45
RAW 2 330.29 106686
106686 242.29 15.32 -133.02
RAW 1 15.33 89646
106686 242.29 15.33 -133.04
RAW 2 330.54 106736
106736 242.54 15.33 -132.80
RAW 1 15.53 89696
106736 242.54 15.53 -133.00
RAW 2 330.55 106786
106786 242.55 15.53 -132.98
RAW 1 15.61 89746
106786 242.55 15.61 -133.06
RAW 2 330.41 106836
106836 242.41 15.61 -133.20
RAW 1 15.75 89796
106836 242.41 15.75 -133.34
RAW 2 330.41 106886
106886 242.41 15.75 -133.35
RAW 1 15.86 89846
106886 242.41 15.86 -133.45
RAW 2 330.56 106936
106936 242.56 15.86 -133.30
RAW 1 15.90 89896
106936 242.56 15.90 -133.35
RAW 2 330.77 106986
106986 242.77 15.90 -133.13
RAW 1 15.91 89946
106986 242.77 15.91 -133.14
RAW 2 331.07 107036
107036 243.07 15.91 -132.85
RAW 1 15.84 89996
107036 243.07 15.84 -132.78
RAW 2 331.36 107086
107086 243.36 15.84 -132.48
RAW 1 15.77 90046
107086 243.36 15.77 -132.41
RAW 2 331.54 107136
107136 243.54 15.77 -132.23
RAW 1 15.80 90096
107136 243.54 15.80 -132.25
RAW 2 331.79 107186
107186 243.79 15.80 -132.00
RAW 1 15.81 90146
107186 243.79 15.81 -132.02
RAW 2 332.07 107236
107236 244.07 15.81 -131.74
RAW 1 15.69 90196
107236 244.07 15.69 -131.62
RAW 2 332.29 107286
107286 244.29 15.69 -131.40
RAW 1 15.60 90246
107286 244.29 15.60 -131.31
RAW 2 332.49 107336
107336 244.49 15.60 -131.11
RAW 1 15.34 90296
107336 244.49 15.34 -130.85
RAW 2 332.73 107386
107386 244.73 15.34 -130.61
RAW 1 14.96 90346
107386 244.73 14.96 -130.23
RAW 2 333.09 107436
107436 245.09 14.96 -129.88
RAW 1 14.42 90396
107436 245.09 14.42 -129.33
RAW 2 333.51 107486
107486 245.51 14.42 -128.91
RAW 1 13.75 90446
107486 245.51 13.75 -128.24
RAW 2 333.74 107536
107536 245.74 13.75 -128.01
RAW 1 12.65 90496
107536 245.74 12.65 -126.91
RAW 2 333.76 107586
107586 245.76 12.65 -126.89
RAW 1 11.81 90546
107586 245.76 11.81 -126.05
RAW 2 333.55 107636
107636 245.55 11.81 -126.26
RAW 1 10.98 90596
107636 245.55 10.98 -125.42
RAW 2 333.52 107686
107686 245.52 10.98 -125.46
RAW 1 9.84 90646
107686 245.52 9.84 -124.33
RAW 2 333.94 107736
107736 245.94 9.84 -123.90
RAW 1 8.89 90696
107736 245.94 8.89 -122.94
RAW 2 334.83 107786
107786 246.83 8.89 -122.06
RAW 1 7.77 90746
107786 246.83 7.77 -120.95
RAW 2 336.08 107836
107836 248.08 7.77 -119.70
RAW 1 6.93 90796
107836 248.08 6.93 -118.85
RAW 2 337.44 107886
107886 249.44 6.93 -117.49
RAW 1 5.97 90846
107886 249.44 5.97 -116.53
RAW 2 338.78 107936
107936 250.78 5.97 -115.19
RAW 1 5.32 90896
107936 250.78 5.32 -114.54
RAW 2 340.06 107986
107986 252.06 5.32 -113.26
RAW 1 4.84 90946
107986 252.06 4.84 -112.78
RAW 2 341.41 108036
108036 253.41 4.84 -111.43
RAW 1 4.48 90996
108036 253.41 4.48 -111.07
RAW 2 343.07 108086
108086 255.07 4.48 -109.42
RAW 1 4.21 91046
108086 255.07 4.21 -109.14
RAW 2 345.29 108136
108136 257.29 4.21 -106.93
RAW 1 3.96 91096
108136 257.29 3.96 -106.68
RAW 2 348.11 108186
108186 260.11 3.96 -103.86
RAW 1 3.74 91146
108186 260.11 3.74 -103.63
RAW 2 279.46 108236
108236 191.46 3.74 -172.28
RAW 1 3.44 91196
108236 191.46 3.44 -171.99
RAW 2 225.85 108286
108286 137.85 3.44 134.41
RAW 1 3.09 91246
108286 137.85 3.09 134.77
RAW 2 184.22 108336
108336 96.22 3.09 93.14
RAW 1 2.77 91296
108336 96.22 2.77 93.46
RAW 2 152.61 108386
108386 64.61 2.77 61.85
RAW 1 2.39 91346
108386 64.61 2.39 62.22
RAW 2 128.68 108436
108436 40.68 2.39 38.29
RAW 1 1.96 91396
108436 40.68 1.96 38.72
RAW 2 111.02 108486
108486 23.02 1.96 21.06
RAW 1 73.36 91446
108486 23.02 73.36 -50.34
RAW 2 98.33 108536
108536 10.33 73.36 -63.03
RAW 1 130.37 91496
108536 10.33 130.37 -120.04
RAW 2 89.59 108586
108586 1.59 130.37 -128.78
RAW 1 175.62 91546
108586 1.59 175.62 -174.03
RAW 2 83.69 108636
108636 355.69 175.62 -179.93
RAW 1 211.87 91596
108636 355.69 211.87 143.82
RAW 2 79.91 108686
108686 351.91 211.87 140.04
RAW 1 240.05 91646
108686 351.91 240.05 111.86
RAW 2 78.06 108736
108736 350.06 240.05 110.01
RAW 1 262.20 91696
108736 350.06 262.20 87.86
RAW 2 77.64 108786
108786 349.64 262.20 87.44
RAW 1 280.35 91746
108786 349.64 280.35 69.29
RAW 2 77.98 108836
108836 349.98 280.35 69.63
RAW 1 295.12 91796
108836 349.98 295.12 54.87
RAW 2 78.23 108886
108886 350.23 295.12 55.11
RAW 1 306.82 91846
108886 350.23 306.82 43.41
RAW 2 78.30 108936
108936 350.30 306.82 43.48
RAW 1 316.39 91896
108936 350.30 316.39 33.90
RAW 2 78.80 108986
108986 350.80 316.39 34.41
RAW 1 324.10 91946
108986 350.80 324.10 26.70
RAW 2 79.36 109036
109036 351.36 324.10 27.26
RAW 1 330.27 91996
109036 351.36 330.27 21.09
RAW 2 80.01 109086
109086 352.01 330.27 21.74
RAW 1 335.16 92046
109086 352.01 335.16 16.86
RAW 2 80.67 109136
109136 352.67 335.16 17.52
RAW 1 339.24 92096
109136 352.67 339.24 13.44
RAW 2 81.30 109186
109186 353.30 339.24 14.06
RAW 1 342.56 92146
109186 353.30 342.56 10.74
RAW 2 81.85 109236
109236 353.85 342.56 11.29
RAW 1 345.27 92196
109236 353.85 345.27 8.59
RAW 2 82.25 109286
109286 354.25 345.27 8.98
RAW 1 347.45 92246
109286 354.25 347.45 6.80
RAW 2 82.55 109336
109336 354.55 347.45 7.11
RAW 1 349.27 92296
109336 354.55 349.27 5.28
RAW 2 82.78 109386
109386 354.78 349.27 5.51
RAW 1 350.82 92346
109386 354.78 350.82 3.96
RAW 2 82.96 109436
109436 354.96 350.82 4.14
RAW 1 352.10 92396
109436 354.96 352.10 2.86
RAW 2 83.17 109486
109486 355.17 352.10 3.07
RAW 1 353.27 92446
109486 355.17 353.27 1.91
RAW 2 83.39 109536
109536 355.39 353.27 2.12
RAW 1 354.09 92496
109536 355.39 354.09 1.30
RAW 2 83.46 109586
109586 355.46 354.09 1.38
RAW 1 354.68 92546
109586 355.46 354.68 0.78
RAW 2 83.43 109636
109636 355.43 354.68 0.75
RAW 1 355.06 92596
109636 355.43 355.06 0.38
RAW 2 83.05 109686
109686 355.05 355.06 -0.01
RAW 1 355.24 92646
109686 355.05 355.24 -0.19
RAW 2 82.23 109736
109736 354.23 355.24 -1.01
RAW 1 355.32 92696
109736 354.23 355.32 -1.09
RAW 2 80.81 109786
109786 352.81 355.32 -2.51
RAW 1 355.28 92746
109786 352.81 355.28 -2.47
RAW 2 78.74 109836
109836 350.74 355.28 -4.54
RAW 1 355.21 92796
109836 350.74 355.21 -4.47
RAW 2 75.82 109886
109886 347.82 355.21 -7.39
RAW 1 355.17 92846
109886 347.82 355.17 -7.35
RAW 2 72.40 109936
109936 344.40 355.17 -10.77
RAW 1 355.24 92896
109936 344.40 355.24 -10.83
RAW 2 68.51 109986
109986 340.51 355.24 -14.73
RAW 1 355.36 92946
109986 340.51 355.36 -14.85
RAW 2 64.22 110036
110036 336.22 355.36 -19.13
RAW 1 355.53 92996
110036 336.22 355.53 -19.31
RAW 2 59.68 110086
110086 331.68 355.53 -23.85
RAW 1 355.68 93046
110086 331.68 355.68 -24.00
RAW 2 55.01 110136
110136 327.01 355.68 -28.67
RAW 1 355.84 93096
110136 327.01 355.84 -28.83
RAW 2 50.10 110186
110186 322.10 355.84 -33.74
RAW 1 355.97 93146
110186 322.10 355.97 -33.87
RAW 2 44.72 110236
110236 316.72 355.97 -39.25
RAW 1 356.39 93196
110236 316.72 356.39 -39.66
RAW 2 39.06 110286
110286 311.06 356.39 -45.33
RAW 1 356.95 93246
110286 311.06 356.95 -45.89
RAW 2 32.94 110336
110336 304.94 356.95 -52.00
RAW 1 357.01 93296
110336 304.94 357.01 -52.07
RAW 2 98.05 110386
110386 10.05 357.01 13.05
RAW 1 357.48 93346
110386 10.05 357.48 12.57
RAW 2 148.27 110436
110436 60.27 357.48 62.79
RAW 1 286.24 93396
110436 60.27 286.24 134.03
RAW 2 186.65 110486
110486 98.65 286.24 172.40
RAW 1 229.68 93446
110486 98.65 229.68 -131.03
RAW 2 215.86 110536
110536 127.86 229.68 -101.81
RAW 1 185.00 93496
110536 127.86 185.00 -57.14
RAW 2 238.28 110586
110586 150.28 185.00 -34.72
RAW 1 149.03 93546
110586 150.28 149.03 1.25
RAW 2 255.87 110636
110636 167.87 149.03 18.84
RAW 1 120.34 93596
110636 167.87 120.34 47.53
RAW 2 270.01 110686
110686 182.01 120.34 61.67
RAW 1 97.57 93646
110686 182.01 97.57 84.44
RAW 2 281.48 110736
110736 193.48 97.57 95.91
RAW 1 79.12 93696
110736 193.48 79.12 114.36
RAW 2 290.84 110786
110786 202.84 79.12 123.72
RAW 1 64.27 93746
110786 202.84 64.27 138.56
RAW 2 298.48 110836
110836 210.48 64.27 146.21
RAW 1 52.42 93796
110836 210.48 52.42 158.06
RAW 2 304.74 110886
110886 216.74 52.42 164.32
RAW 1 42.93 93846
110886 216.74 42.93 173.81
RAW 2 309.76 110936
110936 221.76 42.93 178.83
RAW 1 35.35 93896
110936 221.76 35.35 -173.58
RAW 2 313.78 110986
110986 225.78 35.35 -169.56
RAW 1 29.23 93946
110986 225.78 29.23 -163.45
RAW 2 316.82 111036
111036 228.82 29.23 -160.41
RAW 1 24.78 93996
111036 228.82 24.78 -155.96
RAW 2 319.46 111086
111086 231.46 24.78 -153.31
RAW 1 21.22 94046
111086 231.46 21.22 -149.75
RAW 2 321.85 111136
111136 233.85 21.22 -147.36
RAW 1 17.83 94096
111136 233.85 17.83 -143.98
RAW 2 324.38 111186
111186 236.38 17.83 -141.45
RAW 1 15.13 94146
111186 236.38 15.13 -138.75
RAW 2 327.66 111236
111236 239.66 15.13 -135.47
RAW 1 12.71 94196
111236 239.66 12.71 -133.05
RAW 2 331.74 111286
111286 243.74 12.71 -128.97
RAW 1 10.43 94246
111286 243.74 10.43 -126.69
RAW 2 336.62 111336
111336 248.62 10.43 -121.82
RAW 1 8.39 94296
111336 248.62 8.39 -119.77
RAW 2 270.22 111386
111386 182.22 8.39 173.83
RAW 1 6.73 94346
111386 182.22 6.73 175.49
RAW 2 219.03 111436
111436 131.03 6.73 124.30
RAW 1 5.42 94396
111436 131.03 5.42 125.61
RAW 2 180.17 111486
111486 92.17 5.42 86.75
RAW 1 76.33 94446
111486 92.17 76.33 15.84
RAW 2 151.06 111536
111536 63.06 76.33 -13.26
RAW 1 132.84 94496
111536 63.06 132.84 -69.78
RAW 2 129.58 111586
111586 41.58 132.84 -91.26
RAW 1 177.58 94546
111586 41.58 177.58 -136.01
RAW 2 113.95 111636
111636 25.95 177.58 -151.63
RAW 1 213.32 94596
111636 25.95 213.32 172.63
RAW 2 102.79 111686
111686 14.79 213.32 161.47
RAW 1 241.42 94646
111686 14.79 241.42 133.37
RAW 2 94.98 111736
111736 6.98 241.42 125.56
RAW 1 263.71 94696
111736 6.98 263.71 103.27
RAW 2 89.96 111786
111786 1.96 263.71 98.25
RAW 1 281.46 94746
111786 1.96 281.46 80.51
RAW 2 86.84 111836
111836 358.84 281.46 77.39
RAW 1 295.84 94796
111836 358.84 295.84 63.01
RAW 2 83.97 111886
111886 355.97 295.84 60.14
RAW 1 307.06 94846
111886 355.97 307.06 48.91
RAW 2 81.57 111936
111936 353.57 307.06 46.51
RAW 1 316.44 94896
111936 353.57 316.44 37.13
RAW 2 80.13 111986
111986 352.13 316.44 35.69
RAW 1 323.73 94946
111986 352.13 323.73 28.40
RAW 2 79.14 112036
112036 351.14 323.73 27.41
RAW 1 329.52 94996
112036 351.14 329.52 21.62
RAW 2 78.56 112086
112086 350.56 329.52 21.04
RAW 1 334.17 95046
112086 350.56 334.17 16.39
RAW 2 78.19 112136
112136 350.19 334.17 16.01
RAW 1 337.91 95096
112136 350.19 337.91 12.28
RAW 2 77.93 112186
112186 349.93 337.91 12.02
RAW 1 340.79 95146
112186 349.93 340.79 9.13
RAW 2 77.66 112236
112236 349.66 340.79 8.87
RAW 1 343.15 95196
112236 349.66 343.15 6.51
RAW 2 77.41 112286
112286 349.41 343.15 6.26
RAW 1 344.97 95246
112286 349.41 344.97 4.45
RAW 2 77.22 112336
112336 349.22 344.97 4.25
RAW 1 346.17 95296
112336 349.22 346.17 3.05
RAW 2 77.07 112386
112386 349.07 346.17 2.90
RAW 1 347.16 95346
112386 349.07 347.16 1.90
RAW 2 76.92 112436
112436 348.92 347.16 1.76
RAW 1 347.80 95396
112436 348.92 347.80 1.12
RAW 2 76.76 112486
112486 348.76 347.80 0.96
RAW 1 348.05 95446
112486 348.76 348.05 0.71
RAW 2 76.58 112536
112536 348.58 348.05 0.53
RAW 1 348.12 95496
112536 348.58 348.12 0.46
RAW 2 76.49 112586
112586 348.49 348.12 0.37
RAW 1 347.91 95546
112586 348.49 347.91 0.58
RAW 2 76.39 112636
112636 348.39 347.91 0.48
RAW 1 347.60 95596
112636 348.39 347.60 0.79
RAW 2 76.42 112686
112686 348.42 347.60 0.82
RAW 1 347.19 95646
112686 348.42 347.19 1.23
RAW 2 76.56 112736
112736 348.56 347.19 1.37
RAW 1 346.74 95696
112736 348.56 346.74 1.82
RAW 2 76.78 112786
112786 348.78 346.74 2.04
RAW 1 346.19 95746
112786 348.78 346.19 2.59
RAW 2 77.06 112836
112836 349.06 346.19 2.88
RAW 1 345.58 95796
112836 349.06 345.58 3.48
RAW 2 77.38 112886
112886 349.38 345.58 3.80
RAW 1 344.92 95846
112886 349.38 344.92 4.47
RAW 2 77.72 112936
112936 349.72 344.92 4.80
RAW 1 344.27 95896
112936 349.72 344.27 5.45
RAW 2 78.05 112986
112986 350.05 344.27 5.78
RAW 1 343.65 95946
112986 350.05 343.65 6.40
RAW 2 78.36 113036
113036 350.36 343.65 6.71
RAW 1 343.09 95996
113036 350.36 343.09 7.27
RAW 2 78.67 113086
113086 350.67 343.09 7.58
RAW 1 342.68 96046
113086 350.67 342.68 7.99
RAW 2 78.94 113136
113136 350.94 342.68 8.26
RAW 1 342.37 96096
113136 350.94 342.37 8.57
RAW 2 79.17 113186
113186 351.17 342.37 8.80
RAW 1 342.27 96146
113186 351.17 342.27 8.90
RAW 2 79.37 113236
113236 351.37 342.27 9.10
RAW 1 342.25 96196
113236 351.37 342.25 9.12
RAW 2 79.47 113286
113286 351.47 342.25 9.22
RAW 1 342.39 96246
113286 351.47 342.39 9.07
RAW 2 79.57 113336
113336 351.57 342.39 9.18
RAW 1 342.57 96296
113336 351.57 342.57 9.01
RAW 2 79.71 113386
113386 351.71 342.57 9.14
RAW 1 342.86 96346
113386 351.71 342.86 8.85