101536 2.49 358.93 3.56
RAW 1 358.98 84196
101536 2.49 358.98 3.50
RAW 1 358.99 84246
101536 2.49 358.99 3.50
RAW 1 358.99 84296
101536 2.49 358.99 3.50
RAW 1 359.00 84346
101536 2.49 359.00 3.49
RAW 2 90.59 101586
101586 2.59 359.00 3.59
RAW 1 358.92 84396
101586 2.59 358.92 3.67
RAW 1 358.91 84446
101586 2.59 358.91 3.68
RAW 1 358.80 84496
101586 2.59 358.80 3.79
RAW 1 358.63 84546
101586 2.59 358.63 3.96
RAW 2 90.57 101636
101636 2.57 358.63 3.94
RAW 1 358.62 84596
101636 2.57 358.62 3.95
RAW 2 90.59 101686
101686 2.59 358.62 3.97
RAW 1 358.56 84646
101686 2.59 358.56 4.03
RAW 2 90.62 101736
101736 2.62 358.56 4.06
RAW 1 358.61 84696
101736 2.62 358.61 4.01
RAW 2 90.53 101786
101786 2.53 358.61 3.92
RAW 1 358.61 84746
101786 2.53 358.61 3.92
RAW 2 90.49 101836
101836 2.49 358.61 3.88
RAW 1 358.68 84796
101836 2.49 358.68 3.81
RAW 2 90.49 101886
101886 2.49 358.68 3.81
RAW 1 358.69 84846
101886 2.49 358.69 3.80
RAW 2 90.53 101936
101936 2.53 358.69 3.84
RAW 1 358.61 84896
101936 2.53 358.61 3.92
RAW 2 90.60 101986
101986 2.60 358.61 3.99
RAW 1 358.68 84946
101986 2.60 358.68 3.92
RAW 2 90.53 102036
102036 2.53 358.68 3.85
RAW 1 358.87 84996
102036 2.53 358.87 3.66
RAW 2 90.51 102086
102086 2.51 358.87 3.64
RAW 1 358.94 85046
102086 2.51 358.94 3.57
RAW 2 90.53 102136
102136 2.53 358.94 3.60
RAW 1 358.91 85096
102136 2.53 358.91 3.62
RAW 2 90.52 102186
102186 2.52 358.91 3.60
RAW 1 359.00 85146
102186 2.52 359.00 3.52
RAW 2 90.53 102236
102236 2.53 359.00 3.53
RAW 1 359.06 85196
102236 2.53 359.06 3.47
RAW 2 90.42 102286
102286 2.42 359.06 3.36
RAW 1 359.24 85246
102286 2.42 359.24 3.18
RAW 2 90.37 102336
102336 2.37 359.24 3.13
RAW 1 359.26 85296
102336 2.37 359.26 3.11
RAW 2 90.37 102386
102386 2.37 359.26 3.11
RAW 1 359.29 85346
102386 2.37 359.29 3.08
RAW 2 90.42 102436
102436 2.42 359.29 3.13
RAW 1 359.27 85396
102436 2.42 359.27 3.15
RAW 2 90.47 102486
102486 2.47 359.27 3.20
RAW 1 359.36 85446
102486 2.47 359.36 3.12
RAW 2 90.44 102536
102536 2.44 359.36 3.08
RAW 1 359.38 85496
102536 2.44 359.38 3.06
RAW 2 90.45 102586
102586 2.45 359.38 3.07
RAW 1 359.37 85546
102586 2.45 359.37 3.08
RAW 2 90.48 102636
102636 2.48 359.37 3.11
RAW 1 359.41 85596
102636 2.48 359.41 3.07
RAW 2 90.50 102686
102686 2.50 359.41 3.09
RAW 1 359.41 85646
102686 2.50 359.41 3.09
RAW 2 90.41 102736
102736 2.41 359.41 3.00
RAW 1 359.32 85696
102736 2.41 359.32 3.09
RAW 2 90.38 102786
102786 2.38 359.32 3.06
RAW 1 359.34 85746
102786 2.38 359.34 3.04
RAW 2 90.29 102836
102836 2.29 359.34 2.95
RAW 1 359.27 85796
102836 2.29 359.27 3.01
RAW 2 90.24 102886
102886 2.24 359.27 2.97
RAW 1 359.27 85846
102886 2.24 359.27 2.97
RAW 2 90.24 102936
102936 2.24 359.27 2.97
RAW 1 359.33 85896
102936 2.24 359.33 2.91
RAW 2 90.20 102986
102986 2.20 359.33 2.87
RAW 1 359.36 85946
102986 2.20 359.36 2.84
RAW 2 90.19 103036
103036 2.19 359.36 2.83
RAW 1 359.27 85996
103036 2.19 359.27 2.93
RAW 2 90.24 103086
103086 2.24 359.27 2.97
RAW 1 359.25 86046
103086 2.24 359.25 2.98
RAW 2 90.33 103136
103136 2.33 359.25 3.07
RAW 1 359.23 86096
103136 2.33 359.23 3.10
RAW 2 90.38 103186
103186 2.38 359.23 3.15
RAW 1 359.16 86146
103186 2.38 359.16 3.22
RAW 2 90.41 103236
103236 2.41 359.16 3.25
RAW 1 359.03 86196
103236 2.41 359.03 3.38
RAW 2 90.38 103286
103286 2.38 359.03 3.35
RAW 1 358.86 86246
103286 2.38 358.86 3.52
RAW 2 90.32 103336
103336 2.32 358.86 3.46
RAW 1 358.82 86296
103336 2.32 358.82 3.50
RAW 2 90.32 103386
103386 2.32 358.82 3.50
RAW 1 358.69 86346
103386 2.32 358.69 3.63
RAW 2 90.24 103436
103436 2.24 358.69 3.55
RAW 1 358.48 86396
103436 2.24 358.48 3.77
RAW 2 90.20 103486
103486 2.20 358.48 3.73
RAW 1 358.27 86446
103486 2.20 358.27 3.93
RAW 2 90.21 103536
103536 2.21 358.27 3.94
RAW 1 358.12 86496
103536 2.21 358.12 4.09
RAW 2 90.24 103586
103586 2.24 358.12 4.12
RAW 1 358.01 86546
103586 2.24 358.01 4.23
RAW 2 90.15 103636
103636 2.15 358.01 4.14
RAW 1 357.93 86596
103636 2.15 357.93 4.22
RAW 2 90.08 103686
103686 2.08 357.93 4.15
RAW 1 357.86 86646
103686 2.08 357.86 4.21
RAW 2 90.00 103736
103736 2.00 357.86 4.14
RAW 1 357.79 86696
103736 2.00 357.79 4.21
RAW 2 89.78 103786
103786 1.78 357.79 3.99
RAW 1 357.59 86746
103786 1.78 357.59 4.20
RAW 2 89.47 103836
103836 1.47 357.59 3.88
RAW 1 357.40 86796
103836 1.47 357.40 4.06
RAW 2 89.26 103886
103886 1.26 357.40 3.85
RAW 1 357.35 86846
103886 1.26 357.35 3.91
RAW 2 89.00 103936
103936 1.00 357.35 3.65
RAW 1 357.29 86896
103936 1.00 357.29 3.71
RAW 2 88.49 103986
103986 0.49 357.29 3.21
RAW 1 357.09 86946
103986 0.49 357.09 3.40
RAW 2 87.79 104036
104036 359.79 357.09 2.70
RAW 1 356.82 86996
104036 359.79 356.82 2.98
RAW 2 86.76 104086
104086 358.76 356.82 1.94
RAW 1 356.60 87046
104086 358.76 356.60 2.15
RAW 2 85.52 104136
104136 357.52 356.60 0.92
RAW 1 356.56 87096
104136 357.52 356.56 0.96
RAW 2 84.34 104186
105536 53.53 41.70 11.84
RAW 1 34.76 88496
105536 53.53 34.76 18.77
RAW 2 182.27 105586
105586 94.27 34.76 59.50
RAW 1 29.18 88546
105586 94.27 29.18 65.09
RAW 2 213.91 105636
105636 125.91 29.18 96.73
RAW 1 24.90 88596
105636 125.91 24.90 101.01
RAW 2 238.57 105686
105686 150.57 24.90 125.67
RAW 1 21.89 88646
105686 150.57 21.89 128.67
RAW 2 257.78 105736
105736 169.78 21.89 147.88
RAW 1 19.73 88696
105736 169.78 19.73 150.04
RAW 2 272.67 105786
105786 184.67 19.73 164.93
RAW 1 18.31 88746
105786 184.67 18.31 166.36
RAW 2 284.40 105836
105836 196.40 18.31 178.09
RAW 1 17.33 88796
105836 196.40 17.33 179.07
RAW 2 293.59 105886
105886 205.59 17.33 172.00
RAW 1 16.66 88846
105886 205.59 16.66 163.00
RAW 2 300.84 105936
105936 212.84 16.66 163.82
RAW 1 16.20 88896
105936 212.84 16.20 157.00
RAW 2 306.59 105986
105986 218.59 16.20 157.61
RAW 1 15.83 88946
105986 218.59 15.83 157.24
RAW 2 311.14 106036
106036 223.14 15.83 152.69
RAW 1 15.56 88996
106036 223.14 15.56 152.42
RAW 2 314.84 106086
106086 226.84 15.56 148.72
RAW 1 15.29 89046
106086 226.84 15.29 148.45
RAW 2 317.84 106136
106136 229.84 15.29 145.45
RAW 1 15.19 89096
106136 229.84 15.19 145.35
RAW 2 320.15 106186
106186 232.15 15.19 143.04
RAW 1 15.05 89146
106186 232.15 15.05 142.91
RAW 2 321.98 106236
106236 233.98 15.05 141.08
RAW 1 15.17 89196
106236 233.98 15.17 141.19
RAW 2 323.51 106286
106286 235.51 15.17 139.66
RAW 1 15.24 89246
106286 235.51 15.24 139.74
RAW 2 324.74 106336
106336 236.74 15.24 138.50
RAW 1 15.41 89296
106336 236.74 15.41 138.66
RAW 2 325.83 106386
106386 237.83 15.41 137.58
RAW 1 15.43 89346
106386 237.83 15.43 137.60
RAW 2 326.66 106436
106436 238.66 15.43 136.77
RAW 1 15.57 89396
106436 238.66 15.57 136.91
RAW 2 327.54 106486
106486 239.54 15.57 136.03
RAW 1 15.41 89446
106486 239.54 15.41 135.87
RAW 2 328.41 106536
106536 240.41 15.41 135.00
RAW 1 15.32 89496
106536 240.41 15.32 134.91
RAW 2 329.21 106586
106586 241.21 15.32 134.12
RAW 1 15.37 89546
106586 241.21 15.37 134.16
RAW 2 329.87 106636
106636 241.87 15.37 133.50
RAW 1 15.32 89596
106636 241.87 15.32 133.45
RAW 2 330.29 106686
106686 242.29 15.32 133.02
RAW 1 15.33 89646
106686 242.29 15.33 133.04
RAW 2 330.54 106736
106736 242.54 15.33 132.80
RAW 1 15.53 89696
106736 242.54 15.53 133.00
RAW 2 330.55 106786
106786 242.55 15.53 132.98
RAW 1 15.61 89746
106786 242.55 15.61 133.06
RAW 2 330.41 106836
106836 242.41 15.61 133.20
RAW 1 15.75 89796
106836 242.41 15.75 133.34
RAW 2 330.41 106886
106886 242.41 15.75 133.35
RAW 1 15.86 89846
106886 242.41 15.86 133.45
RAW 2 330.56 106936
106936 242.56 15.86 133.30
RAW 1 15.90 89896
106936 242.56 15.90 133.35
RAW 2 330.77 106986
106986 242.77 15.90 133.13
RAW 1 15.91 89946
106986 242.77 15.91 133.14
RAW 2 331.07 107036
107036 243.07 15.91 132.85
RAW 1 15.84 89996
107036 243.07 15.84 132.78
RAW 2 331.36 107086
107086 243.36 15.84 132.48
RAW 1 15.77 90046
107086 243.36 15.77 132.41
RAW 2 331.54 107136
107136 243.54 15.77 132.23
RAW 1 15.80 90096
107136 243.54 15.80 132.25
RAW 2 331.79 107186
107186 243.79 15.80 132.00
RAW 1 15.81 90146
107186 243.79 15.81 132.02
RAW 2 332.07 107236
107236 244.07 15.81 131.74
RAW 1 15.69 90196
107236 244.07 15.69 131.62
RAW 2 332.29 107286
107286 244.29 15.69 131.40
RAW 1 15.60 90246
107286 244.29 15.60 131.31
RAW 2 332.49 107336
107336 244.49 15.60 131.11
RAW 1 15.34 90296
107336 244.49 15.34 130.85
RAW 2 332.73 107386
107386 244.73 15.34 130.61
RAW 1 14.96 90346
107386 244.73 14.96 130.23
RAW 2 333.09 107436
107436 245.09 14.96 129.88
RAW 1 14.42 90396
107436 245.09 14.42 129.33
RAW 2 333.51 107486
107486 245.51 14.42 128.91
RAW 1 13.75 90446
107486 245.51 13.75 128.24
RAW 2 333.74 107536
107536 245.74 13.75 128.01
RAW 1 12.65 90496
107536 245.74 12.65 126.91
RAW 2 333.76 107586
107586 245.76 12.65 126.89
RAW 1 11.81 90546
107586 245.76 11.81 126.05
RAW 2 333.55 107636
107636 245.55 11.81 126.26
RAW 1 10.98 90596
107636 245.55 10.98 125.42
RAW 2 333.52 107686
107686 245.52 10.98 125.46
RAW 1 9.84 90646
107686 245.52 9.84 124.33
RAW 2 333.94 107736
107736 245.94 9.84 123.90
RAW 1 8.89 90696
107736 245.94 8.89 122.94
RAW 2 334.83 107786
107786 246.83 8.89 122.06
RAW 1 7.77 90746
107786 246.83 7.77 120.95
RAW 2 336.08 107836
107836 248.08 7.77 119.70
RAW 1 6.93 90796
107836 248.08 6.93 118.85
RAW 2 337.44 107886
107887 249.44 6.93 117.49
RAW 1 5.97 90846
107887 249.44 5.97 116.53
RAW 2 338.78 107936
107936 250.78 5.97 115.19
RAW 1 5.32 90896
107936 250.78 5.32 114.54
RAW 2 340.06 107986
107986 252.06 5.32 113.26
RAW 1 4.84 90946
107986 252.06 4.84 112.78
RAW 2 341.41 108036
108036 253.41 4.84 111.43
RAW 1 4.48 90996
108036 253.41 4.48 111.07
RAW 2 343.07 108086
108086 255.07 4.48 109.42
RAW 1 4.21 91046
108086 255.07